1.000000
0.998795
0.995185
0.989177
0.980785
0.970031
0.956940
0.941544
0.923880
0.903989
0.881921
0.857729
0.831470
0.803208
0.773011
0.740952
0.707107
0.671559
0.634394
0.595700
0.555571
0.514103
0.471398
0.427556
0.382684
0.336891
0.290286
0.242981
0.195091
0.146732
0.098018
0.049069
0.000001
-0.049066
-0.098016
-0.146729
-0.195089
-0.242979
-0.290283
-0.336888
-0.382682
-0.427554
-0.471395
-0.514101
-0.555569
-0.595698
-0.634392
-0.671557
-0.707105
-0.740950
-0.773009
-0.803206
-0.831468
-0.857727
-0.881920
-0.903988
-0.923879
-0.941543
-0.956940
-0.970031
-0.980785
-0.989176
-0.995184
-0.998795
