1.000000
0.999699
0.998795
0.997290
0.995185
0.992480
0.989177
0.985278
0.980785
0.975702
0.970031
0.963776
0.956940
0.949528
0.941544
0.932993
0.923880
0.914210
0.903989
0.893224
0.881921
0.870087
0.857729
0.844854
0.831470
0.817585
0.803208
0.788347
0.773011
0.757209
0.740952
0.724248
0.707107
0.689541
0.671559
0.653173
0.634394
0.615232
0.595700
0.575809
0.555571
0.534998
0.514103
0.492899
0.471398
0.449612
0.427556
0.405242
0.382684
0.359896
0.336891
0.313683
0.290286
0.266714
0.242981
0.219102
0.195091
0.170963
0.146732
0.122412
0.098018
0.073566
0.049069
0.024543
0.000001
-0.024540
-0.049066
-0.073563
-0.098016
-0.122409
-0.146729
-0.170960
-0.195089
-0.219100
-0.242979
-0.266711
-0.290283
-0.313680
-0.336888
-0.359894
-0.382682
-0.405240
-0.427554
-0.449610
-0.471395
-0.492897
-0.514101
-0.534996
-0.555569
-0.575807
-0.595698
-0.615230
-0.634392
-0.653171
-0.671557
-0.689539
-0.707105
-0.724246
-0.740950
-0.757208
-0.773009
-0.788345
-0.803206
-0.817584
-0.831468
-0.844852
-0.857727
-0.870086
-0.881920
-0.893223
-0.903988
-0.914209
-0.923879
-0.932992
-0.941543
-0.949527
-0.956940
-0.963775
-0.970031
-0.975702
-0.980785
-0.985277
-0.989176
-0.992479
-0.995184
-0.997290
-0.998795
-0.999699
