-0.000000
-0.049068
-0.098017
-0.146730
-0.195090
-0.242980
-0.290284
-0.336890
-0.382683
-0.427555
-0.471396
-0.514102
-0.555570
-0.595699
-0.634393
-0.671558
-0.707106
-0.740951
-0.773010
-0.803207
-0.831469
-0.857728
-0.881921
-0.903989
-0.923879
-0.941544
-0.956940
-0.970031
-0.980785
-0.989176
-0.995185
-0.998795
-1.000000
-0.998796
-0.995185
-0.989177
-0.980786
-0.970032
-0.956941
-0.941545
-0.923880
-0.903990
-0.881922
-0.857730
-0.831471
-0.803209
-0.773012
-0.740952
-0.707108
-0.671560
-0.634395
-0.595701
-0.555572
-0.514105
-0.471399
-0.427557
-0.382686
-0.336892
-0.290287
-0.242983
-0.195093
-0.146733
-0.098020
-0.049070
