-0.000000
-0.024541
-0.049068
-0.073564
-0.098017
-0.122411
-0.146730
-0.170962
-0.195090
-0.219101
-0.242980
-0.266713
-0.290284
-0.313681
-0.336890
-0.359895
-0.382683
-0.405241
-0.427555
-0.449611
-0.471396
-0.492898
-0.514102
-0.534997
-0.555570
-0.575808
-0.595699
-0.615231
-0.634393
-0.653172
-0.671558
-0.689540
-0.707106
-0.724247
-0.740951
-0.757208
-0.773010
-0.788346
-0.803207
-0.817584
-0.831469
-0.844853
-0.857728
-0.870087
-0.881921
-0.893224
-0.903989
-0.914209
-0.923879
-0.932992
-0.941544
-0.949528
-0.956940
-0.963776
-0.970031
-0.975702
-0.980785
-0.985277
-0.989176
-0.992479
-0.995185
-0.997290
-0.998795
-0.999699
-1.000000
-0.999699
-0.998796
-0.997291
-0.995185
-0.992480
-0.989177
-0.985278
-0.980786
-0.975702
-0.970032
-0.963776
-0.956941
-0.949529
-0.941545
-0.932993
-0.923880
-0.914210
-0.903990
-0.893225
-0.881922
-0.870088
-0.857730
-0.844855
-0.831471
-0.817586
-0.803209
-0.788348
-0.773012
-0.757210
-0.740952
-0.724248
-0.707108
-0.689542
-0.671560
-0.653174
-0.634395
-0.615233
-0.595701
-0.575810
-0.555572
-0.534999
-0.514105
-0.492900
-0.471399
-0.449613
-0.427557
-0.405243
-0.382686
-0.359897
-0.336892
-0.313684
-0.290287
-0.266715
-0.242983
-0.219104
-0.195093
-0.170964
-0.146733
-0.122413
-0.098020
-0.073567
-0.049070
-0.024544
